1 0.06567413
2 0.07805435
3 0.08673552
4 0.09254247
5 0.09650126
6 0.09964937
7 0.1031263
8 0.1064484
9 0.1097335
10 0.1132434
11 0.1170624
12 0.121244
13 0.125479
14 0.1279253
15 0.1255668
16 0.1216302
17 0.1164723
18 0.1131278
19 0.1103323
20 0.1083991
21 0.1090407
22 0.1089938
23 0.1075276
24 0.1066303
25 0.1055971
26 0.1043759
27 0.1037532
28 0.10416
29 0.1051181
30 0.1057953
31 0.1061062
32 0.1060795
33 0.1057075
34 0.105087
35 0.1044389
36 0.1038722
37 0.1034666
38 0.1031021
39 0.10279
40 0.1025646
41 0.1023656
42 0.1021748
43 0.1019827
44 0.1017917
45 0.1016162
46 0.1014757
47 0.1013993
48 0.1013765
49 0.1014026
50 0.1014544
51 0.1015116
52 0.1015686
53 0.101613
54 0.1016455
55 0.1016684
56 0.101689
57 0.1017144
58 0.1017526
59 0.1018071
60 0.1018749
61 0.1019461
62 0.1020083
63 0.1020555
64 0.1020844
65 0.1020971
66 0.1020955
67 0.1020831
68 0.1020667
69 0.1020506
70 0.102035
71 0.1020208
72 0.1020066
73 0.1019917
74 0.1019732
75 0.1019505
76 0.1019229
77 0.1018899
78 0.1018532
79 0.1018163
80 0.1017831
81 0.1017543
82 0.1017285
83 0.1017043
84 0.1016803
85 0.1016567
86 0.1016327
87 0.1016051
88 0.101574
89 0.101543
90 0.1015122
91 0.1014811
92 0.1014488
93 0.101416
94 0.1013818
95 0.1013448
96 0.1013041
97 0.101259
98 0.1012103
99 0.1011584
100 0.1011038
101 0.101048
102 0.1009912
103 0.1009331
104 0.1008793
105 0.1008322
106 0.1007918
107 0.1007548
108 0.1007215
109 0.1006904
110 0.1006613
111 0.100632
112 0.1006022
113 0.1005705
114 0.1005337
115 0.1004959
116 0.100455
117 0.1004111
118 0.1003641
119 0.100315
120 0.1002617
121 0.1002025
122 0.100139
123 0.1000723
124 0.1000038
125 0.09993491
126 0.0998668
127 0.09979974
128 0.09973379
129 0.09967237
130 0.09961656
131 0.09956609
132 0.0995209
133 0.09947778
134 0.09943813
135 0.0994011
136 0.09936486
137 0.09933037
138 0.09929816
139 0.09926331
140 0.09922221
141 0.09917691
142 0.09912926
143 0.09908038
144 0.09902768
145 0.09897131
146 0.09891075
147 0.0988444
148 0.09877988
149 0.09871484
150 0.09864973
151 0.09858645
152 0.09852657
153 0.09847005
154 0.09841783
155 0.09836975
156 0.09832743
157 0.0982899
158 0.09825656
159 0.09822655
160 0.09819726
161 0.09816912
162 0.09814162
163 0.09811449
164 0.09808762
165 0.09806016
166 0.09803217
167 0.09799946
168 0.09796409
169 0.09792819
170 0.09788933
171 0.09784677
172 0.09780317
173 0.0977598
174 0.09771501
175 0.09766863
176 0.09762118
177 0.09757299
178 0.09752448
179 0.09747702
180 0.09743237
181 0.09738898
182 0.09734544
183 0.09730342
184 0.09726267
185 0.09722342
186 0.09718572
187 0.09714955
188 0.0971159
189 0.09708433
190 0.09705307
191 0.09702254
192 0.09699181
193 0.09696092
194 0.09692965
195 0.09689811
196 0.09686652
197 0.09683506
198 0.09680364
199 0.09677261
200 0.09674116
201 0.09670999
202 0.09667862
203 0.09664685
204 0.096615
205 0.09658325
206 0.09655104
207 0.09651883
208 0.09648647
209 0.09645467
210 0.09642513
211 0.09639538
212 0.09636589
213 0.09633663
214 0.09630974
215 0.09628342
216 0.09625772
217 0.09623285
218 0.09620909
219 0.09618812
220 0.09616739
221 0.09614634
222 0.09612579
223 0.09610404
224 0.09608198
225 0.09606031
226 0.09603796
227 0.09601437
228 0.09599025
229 0.09596524
230 0.09593927
231 0.09591225
232 0.09588707
233 0.09586228
234 0.0958389
235 0.09581408
236 0.09578753
237 0.09575921
238 0.09572805
239 0.09569559
240 0.095662
241 0.09562847
242 0.09559673
243 0.09556432
244 0.09553169
245 0.09549887
246 0.09546617
247 0.09543356
248 0.0954014
249 0.09536985
250 0.09533851
251 0.09530631
252 0.09527456
253 0.09524343
254 0.09521282
255 0.0951824
256 0.09515228
257 0.0951215
258 0.0950882
259 0.09505671
260 0.09502716
261 0.09499966
262 0.09497172
263 0.09494212
264 0.09491163
265 0.09487867
266 0.09484144
267 0.09480403
268 0.09476768
269 0.09473327
270 0.09469803
271 0.09466226
272 0.09462582
273 0.09458885
274 0.09455134
275 0.09451348
276 0.09447534
277 0.09443726
278 0.09439983
279 0.09436211
280 0.09432431
281 0.0942864
282 0.09424837
283 0.09421011
284 0.09417171
285 0.09413353
286 0.09409542
287 0.0940561
288 0.09401698
289 0.09398036
290 0.09394307
291 0.09390575
292 0.09386975
293 0.09383316
294 0.09379614
295 0.09375885
296 0.0937216
297 0.09368597
298 0.09365156
299 0.09361873
300 0.09358445
301 0.09354941
302 0.09351423
303 0.09347982
304 0.09344602
305 0.09341337
306 0.09337894
307 0.09334245
308 0.09330551
309 0.09326826
310 0.0932329
311 0.0931974
312 0.09316147
313 0.09312113
314 0.09308074
315 0.09304117
316 0.09300254
317 0.09296528
318 0.09292992
319 0.09289931
320 0.0928691
321 0.09283882
322 0.09280878
323 0.09277884
324 0.09274868
325 0.092718
326 0.09268673
327 0.09265459
328 0.09262142
329 0.09258769
330 0.09255723
331 0.09252509
332 0.09249105
333 0.09245552
334 0.09241822
335 0.09237997
336 0.0923418
337 0.09230416
338 0.09226831
339 0.09223108
340 0.09219549
341 0.0921579
342 0.09212208
343 0.09208621
344 0.09204964
345 0.09201555
346 0.09198159
347 0.09194682
348 0.09191386
349 0.09188121
350 0.09184753
351 0.09181382
352 0.09178086
353 0.09174888
354 0.09171725
355 0.09168576
356 0.09165457
357 0.09162329
358 0.09159195
359 0.09156039
360 0.09153122
361 0.09150523
362 0.09147877
363 0.09145118
364 0.09142277
365 0.09139374
366 0.09136401
367 0.09133378
368 0.09130362
369 0.0912753
370 0.09124862
371 0.09122379
372 0.09120077
373 0.09117794
374 0.09115613
375 0.09113422
376 0.0911121
377 0.09108946
378 0.09106491
379 0.09103855
380 0.09101079
381 0.09098178
382 0.09095173
383 0.09092046
384 0.09088816
385 0.09085462
386 0.09082025
387 0.09078494
388 0.09074897
389 0.09071237
390 0.0906748
391 0.09063791
392 0.09060273
393 0.09056836
394 0.0905353
395 0.09050395
396 0.09047304
397 0.09044313
398 0.0904147
399 0.09038748
400 0.09036183
401 0.0903381
402 0.09031638
403 0.09029721
404 0.09028215
405 0.09026838
406 0.09025832
407 0.09024902
408 0.09023961
409 0.09022953
410 0.09021844
411 0.09020414
412 0.0901875
413 0.09016968
414 0.09015223
415 0.09013142
416 0.09010877
417 0.09008469
418 0.09005962
419 0.09003107
420 0.08999906
421 0.08996537
422 0.08993302
423 0.08989924
424 0.08986072
425 0.08981938
426 0.08977807
427 0.08973738
428 0.08969705
429 0.08965775
430 0.08961924
431 0.08958202
432 0.08954862
433 0.08951917
434 0.08949361
435 0.08947231
436 0.08945559
437 0.08944357
438 0.08943607
439 0.08943488
440 0.08943751
441 0.08944765
442 0.08946247
443 0.08947869
444 0.08949538
445 0.089513
446 0.08952986
447 0.08954514
448 0.08955734
449 0.08956721
450 0.08957439
451 0.08957825
452 0.08957808
453 0.08957153
454 0.08955985
455 0.08954293
456 0.08952142
457 0.08949527
458 0.08946437
459 0.08942893
460 0.08938914
461 0.08934485
462 0.08929578
463 0.08924283
464 0.08918709
465 0.08912949
466 0.08907051
467 0.08901075
468 0.08895098
469 0.08889416
470 0.08883901
471 0.08878519
472 0.08873384
473 0.08868554
474 0.08864216
475 0.08860289
476 0.08856745
477 0.08853745
478 0.08851424
479 0.08849897
480 0.0884922
481 0.08849357
482 0.08850354
483 0.08852168
484 0.08855011
485 0.08858568
486 0.08862523
487 0.08866885
488 0.08871601
489 0.08876648
490 0.08881688
491 0.08886661
492 0.08891427
493 0.08895908
494 0.08899954
495 0.08903702
496 0.08906893
497 0.0890936
498 0.08911017
499 0.08911908
500 0.08911836
501 0.08910783
502 0.08908859
503 0.08906175
504 0.0890276
505 0.08898611
506 0.08893917
507 0.08888741
508 0.08883099
509 0.0887702
510 0.08870555
511 0.08864018
512 0.0885729
513 0.08850331
514 0.08843223
515 0.0883607
516 0.0882899
517 0.08822009
518 0.08815192
519 0.08808592
520 0.08802289
521 0.08796353
522 0.08790845
523 0.08785745
524 0.08781124
525 0.08777139
526 0.08773924
527 0.08771282
528 0.08769324
529 0.08768027
530 0.0876746
531 0.08767473
532 0.08768292
533 0.08769748
534 0.08771873
535 0.08774678
536 0.08778349
537 0.08782479
538 0.08787037
539 0.08792411
540 0.0879839
541 0.08804835
542 0.08811546
543 0.08818395
544 0.08825285
545 0.08832374
546 0.08839623
547 0.08846926
548 0.08854152
549 0.08861221
550 0.08868059
551 0.08874553
552 0.08880661
553 0.08886497
554 0.08891687
555 0.08896066
556 0.08899849
557 0.08903013
558 0.08905648
559 0.08907744
560 0.0890931
561 0.08910461
562 0.08911346
563 0.08911901
564 0.08911971
565 0.08911636
566 0.08910892
567 0.08909485
568 0.08907763
569 0.0890554
570 0.08902884
571 0.0889983
572 0.08896416
573 0.08892717
574 0.08888788
575 0.08884645
576 0.08880377
577 0.0887601
578 0.08871589
579 0.0886711
580 0.08862585
581 0.08858084
582 0.08853646
583 0.08849705
584 0.08845817
585 0.08841927
586 0.08838272
587 0.0883481
588 0.08831473
589 0.08828297
590 0.08825315
591 0.08822565
592 0.08820179
593 0.08818027
594 0.08816011
595 0.08814307
596 0.08812989
597 0.08812267
598 0.08811963
599 0.08812069
600 0.08812612
601 0.08813448
602 0.08814401
603 0.08815573
604 0.088172
605 0.08819281
606 0.08821701
607 0.0882444
608 0.08827461
609 0.08830781
610 0.08834398
611 0.08839046
612 0.08843934
613 0.0884886
614 0.08853865
615 0.08858923
616 0.08864032
617 0.08869179
618 0.08874348
619 0.08879542
620 0.08884752
621 0.08889992
622 0.088952
623 0.08900293
624 0.08905409
625 0.08910575
626 0.08915941
627 0.08921023
628 0.08925993
629 0.08930885
630 0.08935689
631 0.08940174
632 0.08944698
633 0.0894926
634 0.0895367
635 0.08958006
636 0.08962131
637 0.08966064
638 0.0896986
639 0.08973439
640 0.0897679
641 0.08979857
642 0.08982611
643 0.08985245
644 0.0898768
645 0.08990077
646 0.0899248
647 0.08994862
648 0.08997191
649 0.08999338
650 0.09001509
651 0.09003961
652 0.09006659
653 0.09009404
654 0.09012189
655 0.09015092
656 0.09017958
657 0.09020717
658 0.09023981
659 0.09028179
660 0.09032097
661 0.09036274
662 0.09039902
663 0.09043089
664 0.09046499
665 0.09049863
666 0.0905292
667 0.09055779
668 0.09058552
669 0.09061326
670 0.09063957
671 0.0906629
672 0.09068637
673 0.09071136
674 0.09073769
675 0.09076462
676 0.09079265
677 0.09081963
678 0.0908473
679 0.09087499
680 0.09090274
681 0.0909303
682 0.09095688
683 0.09098326
684 0.09100915
685 0.0910343
686 0.09105629
687 0.09108102
688 0.09110808
689 0.09113803
690 0.09116753
691 0.09119563
692 0.09122197
693 0.09125255
694 0.09129466
695 0.09133419
696 0.09137192
697 0.09140492
698 0.0914315
699 0.09145346
700 0.09147249
701 0.09149116
702 0.09151127
703 0.09153387
704 0.09155933
705 0.09158386
706 0.09160519
707 0.09162535
708 0.09164429
709 0.09166275
710 0.09168224
711 0.09170265
712 0.09172374
713 0.09174527
714 0.09176724
715 0.0917896
716 0.09181331
717 0.09183736
718 0.09185836
719 0.0918788
720 0.0919001
721 0.09192253
722 0.09194496
723 0.09197042
724 0.09199585
725 0.09202097
726 0.09204926
727 0.09207717
728 0.09210391
729 0.0921291
730 0.09215267
731 0.09217453
732 0.0921948
733 0.09221281
734 0.09222954
735 0.09224769
736 0.09226467
737 0.09228157
738 0.09229834
739 0.09231678
740 0.09233589
741 0.09235465
742 0.09237259
743 0.09239043
744 0.09240799
745 0.09242491
746 0.09243918
747 0.09245389
748 0.09247013
749 0.0924883
750 0.09250747
751 0.09252702
752 0.09254656
753 0.09256593
754 0.09258497
755 0.09260397
756 0.09262265
757 0.09264144
758 0.09266457
759 0.09268809
760 0.09271492
761 0.09274304
762 0.09276938
763 0.09279612
764 0.09282257
765 0.09284811
766 0.09287313
767 0.09289623
768 0.09292994
769 0.0929717
770 0.09301034
771 0.09304681
772 0.09308508
773 0.09312157
774 0.09315602
775 0.09319127
776 0.09322402
777 0.09325551
778 0.09328623
779 0.09331632
780 0.09334598
781 0.09336974
782 0.09339375
783 0.09341956
784 0.09344747
785 0.09347695
786 0.09350696
787 0.09353907
788 0.09357311
789 0.09360877
790 0.09364581
791 0.0936867
792 0.09372958
793 0.09377106
794 0.09380963
795 0.09384621
796 0.09388383
797 0.09392331
798 0.09396315
799 0.09400196
800 0.09403969
801 0.09407858
802 0.0941202
803 0.09416009
804 0.09419671
805 0.09424673
806 0.09429358
807 0.09433647
808 0.0943726
809 0.09440277
810 0.0944296
811 0.09445268
812 0.09447474
813 0.0944947
814 0.09451172
815 0.0945263
816 0.0945405
817 0.09455388
818 0.09456728
819 0.09458101
820 0.09459522
821 0.09460559
822 0.09461538
823 0.09462555
824 0.09463618
825 0.09464725
826 0.09465829
827 0.09466907
828 0.0946798
829 0.09469009
830 0.09470055
831 0.09471256
832 0.09472571
833 0.0947388
834 0.09475112
835 0.09476247
836 0.09477319
837 0.09478381
838 0.09479402
839 0.09480321
840 0.09481137
841 0.09481957
842 0.09482964
843 0.09484121
844 0.09485558
845 0.09487139
846 0.09488704
847 0.09490237
848 0.09491656
849 0.09493051
850 0.09494757
851 0.09496378
852 0.0949776
853 0.09499355
854 0.0950101
855 0.09502863
856 0.09504991
857 0.09507675
858 0.09510483
859 0.09513295
860 0.09516107
861 0.09518622
862 0.09521174
863 0.0952393
864 0.09526847
865 0.09529782
866 0.09532698
867 0.0953569
868 0.09538776
869 0.095419
870 0.09544688
871 0.09547652
872 0.0955059
873 0.09553711
874 0.09557196
875 0.09560861
876 0.09564582
877 0.0956829
878 0.09572066
879 0.09575663
880 0.09579277
881 0.09582873
882 0.095865
883 0.09590054
884 0.09594649
885 0.09599085
886 0.09603326
887 0.09607338
888 0.09610949
889 0.09614317
890 0.09617107
891 0.096196
892 0.09621842
893 0.09623817
894 0.09626379
895 0.09629606
896 0.09632888
897 0.09635844
898 0.09638496
899 0.09640784
900 0.09642936
901 0.09644604
902 0.09646276
903 0.09647802
904 0.09649032
905 0.09649686
906 0.09650251
907 0.09650759
908 0.09651195
909 0.09651333
910 0.09651196
911 0.09651089
912 0.09651058
913 0.09651078
914 0.09651244
915 0.09651319
916 0.09651396
917 0.09651452
918 0.09651487
919 0.09651388
920 0.09651112
921 0.09650858
922 0.09650666
923 0.09650321
924 0.09649765
925 0.09649108
926 0.09648563
927 0.09649504
928 0.09649985
929 0.09650041
930 0.09649727
931 0.09649105
932 0.09648203
933 0.09647101
934 0.09645945
935 0.09644802
936 0.0964368
937 0.0964247
938 0.0964096
939 0.09639664
940 0.09638541
941 0.09637568
942 0.09636731
943 0.09635999
944 0.09635347
945 0.09634748
946 0.09634175
947 0.09633617
948 0.09632962
949 0.09632203
950 0.09631168
951 0.09630028
952 0.09628982
953 0.09628058
954 0.09627254
955 0.09626601
956 0.09626077
957 0.0962567
958 0.09625366
959 0.09625196
960 0.09625235
961 0.09625556
962 0.09625954
963 0.09626355
964 0.0962677
965 0.09627181
966 0.09627575
967 0.09627989
968 0.09628374
969 0.096288
970 0.09629223
971 0.09629564
972 0.09629738
973 0.09630127
974 0.09630708
975 0.0963132
976 0.09631886
977 0.09632344
978 0.09632228
979 0.0963235
980 0.09632888
981 0.09633415
982 0.09634258
983 0.09635078
984 0.09635833
985 0.09636544
986 0.09637214
987 0.09637823
988 0.09638781
989 0.09639565
990 0.09640426
991 0.0964146
992 0.09642503
993 0.09643583
994 0.09644682
995 0.09645791
996 0.09646726
997 0.09647613
998 0.09648687
999 0.0964994
1000 0.09651032
