1 0.4346553
2 0.4397693
3 0.4389605
4 0.4330331
5 0.4238217
6 0.4132026
7 0.402781
8 0.3938904
9 0.3873688
10 0.3832882
11 0.3812799
12 0.3810653
13 0.3823745
14 0.3847242
15 0.3875372
16 0.3904181
17 0.3930581
18 0.3954037
19 0.3973727
20 0.3987085
21 0.3993816
22 0.3995198
23 0.3992864
24 0.3988811
25 0.3984362
26 0.3980412
27 0.3977456
28 0.3975701
29 0.3975061
30 0.3975284
31 0.3976056
32 0.3977072
33 0.3978098
34 0.397899
35 0.3979644
36 0.3980059
37 0.398027
38 0.3980337
39 0.3980323
40 0.3980281
41 0.3980253
42 0.3980264
43 0.3980282
44 0.3980301
45 0.3980284
46 0.3980266
47 0.3980237
48 0.3980194
49 0.3980146
50 0.3980065
51 0.3979941
52 0.3979802
53 0.3979646
54 0.3979492
55 0.3979345
56 0.3979202
57 0.3979082
58 0.3979027
59 0.3979009
60 0.3978994
61 0.3978991
62 0.3978989
63 0.397896
64 0.397889
65 0.3978831
66 0.3978778
67 0.3978705
68 0.3978639
69 0.3978565
70 0.3978557
71 0.3978527
72 0.397848
73 0.3978403
74 0.3978372
75 0.3978383
76 0.3978401
77 0.3978476
78 0.3978518
79 0.3978546
80 0.3978588
81 0.3978623
82 0.3978627
83 0.3978617
84 0.3978609
85 0.3978558
86 0.3978457
87 0.3978311
88 0.397819
89 0.3978091
90 0.3978011
91 0.3977937
92 0.3977861
93 0.3977804
94 0.3977876
95 0.3978016
96 0.3978182
97 0.3978307
98 0.3978421
99 0.397846
100 0.3978413
101 0.3978325
102 0.3978219
103 0.3978122
104 0.3978104
105 0.397811
106 0.3978065
107 0.3977866
108 0.3977601
109 0.3977329
110 0.3977064
111 0.3976761
112 0.3976366
113 0.3975999
114 0.3975662
115 0.3975462
116 0.39753
117 0.3975166
118 0.3975109
119 0.3975101
120 0.3975086
121 0.3975065
122 0.3975042
123 0.3974941
124 0.3974734
125 0.3974454
126 0.397421
127 0.3974006
128 0.3973795
129 0.397355
130 0.3973324
131 0.3973167
132 0.3973171
133 0.3973172
134 0.3973198
135 0.3973314
136 0.3973515
137 0.3973709
138 0.3973882
139 0.3973943
140 0.3973861
141 0.3973701
142 0.3973497
143 0.3973368
144 0.3973239
145 0.3973114
146 0.3972958
147 0.3972807
148 0.3972602
149 0.3972348
150 0.3971947
151 0.3971569
152 0.397125
153 0.3971008
154 0.3970912
155 0.3970872
156 0.3970743
157 0.3970577
158 0.3970422
159 0.3970187
160 0.3969943
161 0.3969737
162 0.3969571
163 0.3969528
164 0.3969485
165 0.3969448
166 0.3969366
167 0.3969189
168 0.3968942
169 0.3968664
170 0.3968219
171 0.3967777
172 0.3967351
173 0.396703
174 0.3966827
175 0.3966722
176 0.3966501
177 0.3966289
178 0.3965955
179 0.3965595
180 0.3965375
181 0.3965198
182 0.396509
183 0.3964917
184 0.3964646
185 0.3964178
186 0.3963836
187 0.3963539
188 0.3963355
189 0.3963158
190 0.3962924
191 0.3962617
192 0.3962092
193 0.3961595
194 0.3961106
195 0.3960716
196 0.3960226
197 0.3959657
198 0.3959252
199 0.395884
200 0.3958421
201 0.3958005
202 0.3957532
203 0.395707
204 0.3956643
205 0.3956045
206 0.3955368
207 0.3954504
208 0.3953573
209 0.3952631
210 0.395192
211 0.3951347
212 0.3950823
213 0.3950308
214 0.3949769
215 0.3949392
216 0.3949161
217 0.3948913
218 0.3948568
219 0.3948301
220 0.394783
221 0.3947334
222 0.3946714
223 0.3946144
224 0.39455
225 0.3944739
226 0.3943788
227 0.3942763
228 0.3941765
229 0.3940843
230 0.3940127
231 0.3939475
232 0.3938736
233 0.3937965
234 0.3937211
235 0.3936396
236 0.3935492
237 0.3934478
238 0.3933319
239 0.3932272
240 0.3931315
241 0.3930491
242 0.392976
243 0.3929048
244 0.3928431
245 0.3927864
246 0.3927245
247 0.3926668
248 0.3926176
249 0.3925854
250 0.3925404
251 0.392485
252 0.3924185
253 0.3923463
254 0.3922784
255 0.392204
256 0.3921193
257 0.3920284
258 0.3919498
259 0.3918707
260 0.3917856
261 0.391689
262 0.3915984
263 0.3915044
264 0.3914166
265 0.3913247
266 0.3912308
267 0.3911358
268 0.3910558
269 0.390977
270 0.3908965
271 0.3908109
272 0.3907121
273 0.3906075
274 0.390516
275 0.3904311
276 0.3903566
277 0.3902858
278 0.3902154
279 0.3901464
280 0.390083
281 0.3900347
282 0.3899899
283 0.3899491
284 0.3899137
285 0.3898761
286 0.3898394
287 0.3897999
288 0.3897615
289 0.3897253
290 0.3896872
291 0.3896502
292 0.38961
293 0.3895663
294 0.3895193
295 0.389461
296 0.389403
297 0.3893448
298 0.3892935
299 0.3892516
300 0.3892092
301 0.3891616
302 0.3891067
303 0.3890681
304 0.3890527
305 0.3890453
306 0.3890376
307 0.3890139
308 0.3889867
309 0.3889551
310 0.3889262
311 0.3889061
312 0.388896
313 0.388896
314 0.3889019
315 0.388913
316 0.3889315
317 0.388952
318 0.388985
319 0.3890213
320 0.3890569
321 0.3890968
322 0.3891364
323 0.3891761
324 0.3892158
325 0.3892521
326 0.3892929
327 0.3893454
328 0.3893984
329 0.3894522
330 0.3895071
331 0.38956
332 0.3896222
333 0.3896965
334 0.3897748
335 0.389855
336 0.3899359
337 0.3900205
338 0.3901009
339 0.3901807
340 0.3902719
341 0.3903757
342 0.3904829
343 0.3905905
344 0.3906981
345 0.3908049
346 0.390919
347 0.3910413
348 0.3911711
349 0.3913185
350 0.3914733
351 0.3916285
352 0.3917816
353 0.3919334
354 0.3920897
355 0.3922563
356 0.3924299
357 0.3926106
358 0.3927902
359 0.3929753
360 0.3931613
361 0.3933501
362 0.3935288
363 0.3937067
364 0.3939003
365 0.3941028
366 0.3943175
367 0.3945362
368 0.3947539
369 0.3949673
370 0.3951812
371 0.395401
372 0.3956241
373 0.395849
374 0.3960784
375 0.3963102
376 0.3965424
377 0.3967756
378 0.3970115
379 0.3972497
380 0.397491
381 0.3977347
382 0.3979814
383 0.398234
384 0.3984894
385 0.398746
386 0.3990092
387 0.3992743
388 0.399539
389 0.39981
390 0.4000804
391 0.4003541
392 0.4006312
393 0.4009093
394 0.4011895
395 0.4014721
396 0.4017569
397 0.4020422
398 0.4023299
399 0.4026191
400 0.4029096
401 0.4032066
402 0.4035138
403 0.4038207
404 0.4041277
405 0.4044336
406 0.4047402
407 0.4050459
408 0.4053521
409 0.4056612
410 0.4059735
411 0.4062872
412 0.4066058
413 0.4069286
414 0.4072538
415 0.4075824
416 0.4079148
417 0.40825
418 0.4085872
419 0.4089293
420 0.4092728
421 0.4096169
422 0.4099603
423 0.4103029
424 0.410643
425 0.4109814
426 0.4113193
427 0.411658
428 0.4119964
429 0.4123353
430 0.4126769
431 0.4130184
432 0.4133607
433 0.4137059
434 0.4140559
435 0.4144105
436 0.4147687
437 0.4151291
438 0.4154903
439 0.4158514
440 0.416219
441 0.4165862
442 0.4169476
443 0.4172977
444 0.4176485
445 0.4180024
446 0.4183591
447 0.4187181
448 0.4190786
449 0.4194413
450 0.4198063
451 0.4201682
452 0.4205321
453 0.4209055
454 0.4212815
455 0.4216592
456 0.4220379
457 0.4224165
458 0.4227957
459 0.423174
460 0.4235459
461 0.4239171
462 0.4242864
463 0.4246608
464 0.425043
465 0.4254271
466 0.4258128
467 0.426198
468 0.4265842
469 0.4269761
470 0.4273679
471 0.4277568
472 0.4281445
473 0.4285321
474 0.428919
475 0.4293064
476 0.4296961
477 0.4300875
478 0.4304797
479 0.4308721
480 0.4312641
481 0.4316565
482 0.4320508
483 0.4324484
484 0.4328492
485 0.4332509
486 0.4336525
487 0.4340537
488 0.4344556
489 0.4348593
490 0.4352652
491 0.4356733
492 0.436084
493 0.4364975
494 0.4369151
495 0.437338
496 0.4377631
497 0.4381898
498 0.4386166
499 0.439043
500 0.4394712
501 0.4399011
502 0.4403332
503 0.4407658
504 0.4411988
505 0.4416318
506 0.4420663
507 0.4425035
508 0.4429437
509 0.4433846
510 0.4438258
511 0.4442697
512 0.4447143
513 0.4451603
514 0.4456079
515 0.4460575
516 0.4465098
517 0.4469655
518 0.4474221
519 0.4478832
520 0.448345
521 0.4488074
522 0.4492722
523 0.4497379
524 0.4502045
525 0.4506717
526 0.4511458
527 0.4516245
528 0.4521056
529 0.4525907
530 0.4530783
531 0.4535654
532 0.4540513
533 0.4545354
534 0.4550182
535 0.4555003
536 0.4559807
537 0.456457
538 0.4569312
539 0.4574066
540 0.4578821
541 0.4583591
542 0.4588369
543 0.4593163
544 0.4597961
545 0.4602751
546 0.4607532
547 0.4612317
548 0.4617092
549 0.4621855
550 0.462658
551 0.4631235
552 0.4635898
553 0.4640597
554 0.4645277
555 0.464994
556 0.4654609
557 0.4659242
558 0.4663858
559 0.4668461
560 0.4673048
561 0.4677623
562 0.4682165
563 0.4686655
564 0.4691094
565 0.4695483
566 0.4699858
567 0.470424
568 0.4708609
569 0.4712981
570 0.4717341
571 0.4721677
572 0.4726029
573 0.4730394
574 0.4734744
575 0.4739043
576 0.4743295
577 0.4747501
578 0.4751664
579 0.4755772
580 0.4759878
581 0.4763945
582 0.4768009
583 0.4772072
584 0.4776123
585 0.4780129
586 0.4784072
587 0.4787937
588 0.4791753
589 0.4795531
590 0.4799271
591 0.4802988
592 0.4806737
593 0.4810442
594 0.4814096
595 0.4817722
596 0.4821372
597 0.4825065
598 0.4828774
599 0.4832476
600 0.4836165
601 0.4839868
602 0.4843535
603 0.4847156
604 0.4850731
605 0.4854271
606 0.4857748
607 0.4861166
608 0.4864555
609 0.4867958
610 0.4871336
611 0.487471
612 0.4878052
613 0.4881365
614 0.4884652
615 0.4887913
616 0.4891132
617 0.4894304
618 0.4897436
619 0.4900585
620 0.4903727
621 0.4906882
622 0.491006
623 0.4913231
624 0.4916372
625 0.4919494
626 0.492261
627 0.4925698
628 0.4928779
629 0.4931865
630 0.4934928
631 0.4937974
632 0.4941006
633 0.4944022
634 0.4947025
635 0.4950033
636 0.4953071
637 0.4956121
638 0.4959152
639 0.4962166
640 0.4965165
641 0.4968132
642 0.4971075
643 0.4973991
644 0.4976889
645 0.497981
646 0.498276
647 0.4985737
648 0.4988728
649 0.4991737
650 0.4994738
651 0.4997703
652 0.5000628
653 0.5003565
654 0.5006499
655 0.5009429
656 0.5012334
657 0.5015214
658 0.5018045
659 0.5020829
660 0.5023614
661 0.5026368
662 0.5029104
663 0.5031821
664 0.5034545
665 0.5037316
666 0.5040157
667 0.5042999
668 0.5045847
669 0.5048702
670 0.5051554
671 0.5054403
672 0.5057236
673 0.5060075
674 0.5062866
675 0.5065608
676 0.5068299
677 0.5070958
678 0.5073599
679 0.507623
680 0.5078871
681 0.5081525
682 0.5084214
683 0.5086956
684 0.5089691
685 0.5092393
686 0.5095063
687 0.5097701
688 0.5100361
689 0.510305
690 0.5105711
691 0.5108331
692 0.5110964
693 0.5113593
694 0.5116219
695 0.5118787
696 0.5121328
697 0.5123868
698 0.5126417
699 0.5128947
700 0.5131431
701 0.5133861
702 0.5136271
703 0.5138714
704 0.5141136
705 0.5143539
706 0.5145959
707 0.5148391
708 0.5150862
709 0.5153355
710 0.5155866
711 0.515834
712 0.5160757
713 0.5163122
714 0.5165438
715 0.5167718
716 0.5169958
717 0.5172201
718 0.5174444
719 0.5176649
720 0.517882
721 0.518097
722 0.5183132
723 0.5185303
724 0.5187492
725 0.5189676
726 0.5191829
727 0.5193958
728 0.5196058
729 0.5198163
730 0.5200276
731 0.5202393
732 0.5204549
733 0.5206719
734 0.520883
735 0.5210854
736 0.5212877
737 0.5214858
738 0.5216795
739 0.5218692
740 0.5220563
741 0.52224
742 0.5224214
743 0.5226014
744 0.5227805
745 0.5229575
746 0.5231375
747 0.5233173
748 0.5234959
749 0.5236731
750 0.5238505
751 0.5240316
752 0.5242131
753 0.5243903
754 0.5245635
755 0.5247338
756 0.5249031
757 0.5250721
758 0.5252419
759 0.5254138
760 0.5255848
761 0.5257533
762 0.5259198
763 0.5260856
764 0.5262531
765 0.5264226
766 0.5265959
767 0.5267754
768 0.5269594
769 0.5271422
770 0.5273241
771 0.5275053
772 0.5276902
773 0.5278735
774 0.528055
775 0.5282356
776 0.52842
777 0.528601
778 0.5287824
779 0.5289644
780 0.5291464
781 0.5293279
782 0.5295107
783 0.5296941
784 0.5298786
785 0.5300679
786 0.5302547
787 0.5304402
788 0.5306238
789 0.5308049
790 0.5309841
791 0.5311619
792 0.5313377
793 0.5315143
794 0.5316929
795 0.531877
796 0.5320694
797 0.532268
798 0.5324709
799 0.5326746
800 0.5328753
801 0.5330717
802 0.5332643
803 0.533456
804 0.5336369
805 0.5338079
806 0.5339753
807 0.5341404
808 0.5343004
809 0.5344616
810 0.534628
811 0.5347983
812 0.5349697
813 0.5351362
814 0.5352992
815 0.5354595
816 0.5356167
817 0.5357754
818 0.5359358
819 0.5360924
820 0.536244
821 0.5363964
822 0.5365456
823 0.5366845
824 0.5368142
825 0.5369369
826 0.5370585
827 0.5371798
828 0.5373046
829 0.5374398
830 0.5375785
831 0.5377128
832 0.5378462
833 0.537979
834 0.5381176
835 0.5382594
836 0.5384017
837 0.5385422
838 0.5386811
839 0.538818
840 0.5389543
841 0.5390888
842 0.5392168
843 0.53934
844 0.5394617
845 0.5395854
846 0.5397117
847 0.5398406
848 0.5399762
849 0.5401198
850 0.5402722
851 0.5404368
852 0.5406114
853 0.5407915
854 0.5409783
855 0.5411613
856 0.5413471
857 0.5415398
858 0.5417367
859 0.5419408
860 0.5421583
861 0.5423861
862 0.5426156
863 0.5428483
864 0.5430855
865 0.5433223
866 0.5435569
867 0.5437919
868 0.5440302
869 0.5442726
870 0.5445194
871 0.5447707
872 0.5450267
873 0.5452911
874 0.5455616
875 0.5458415
876 0.5461237
877 0.5464103
878 0.5466993
879 0.5469899
880 0.5472834
881 0.5475792
882 0.5478811
883 0.5481838
884 0.548487
885 0.5487873
886 0.5490862
887 0.5493841
888 0.549679
889 0.5499719
890 0.5502607
891 0.5505492
892 0.55084
893 0.5511294
894 0.5514156
895 0.5516992
896 0.5519799
897 0.5522583
898 0.5525395
899 0.5528186
900 0.5530952
901 0.5533771
902 0.5536609
903 0.5539411
904 0.5542231
905 0.5545044
906 0.5547794
907 0.5550579
908 0.5553359
909 0.5556046
910 0.5558662
911 0.5561216
912 0.5563759
913 0.5566335
914 0.5568918
915 0.5571514
916 0.5574106
917 0.5576714
918 0.557932
919 0.5581895
920 0.5584433
921 0.5586944
922 0.5589463
923 0.5592015
924 0.5594606
925 0.5597193
926 0.5599759
927 0.5602303
928 0.5604811
929 0.5607294
930 0.5609782
931 0.5612257
932 0.561469
933 0.5617136
934 0.5619561
935 0.5621987
936 0.5624464
937 0.562708
938 0.5629777
939 0.5632515
940 0.5635311
941 0.5638147
942 0.5641069
943 0.5644108
944 0.564724
945 0.5650454
946 0.5653757
947 0.5657166
948 0.5660652
949 0.5664161
950 0.5667697
951 0.567127
952 0.567488
953 0.567853
954 0.5682224
955 0.5685981
956 0.5689771
957 0.56936
958 0.5697463
959 0.5701367
960 0.5705307
961 0.5709271
962 0.5713284
963 0.571733
964 0.5721382
965 0.5725454
966 0.5729575
967 0.5733745
968 0.5737962
969 0.5742216
970 0.574652
971 0.5750869
972 0.5755246
973 0.5759636
974 0.5764027
975 0.5768406
976 0.5772756
977 0.5777082
978 0.5781347
979 0.5785592
980 0.5789807
981 0.5793955
982 0.5798041
983 0.5802076
984 0.5806066
985 0.5810007
986 0.5813898
987 0.5817741
988 0.5821565
989 0.5825369
990 0.5829146
991 0.5832896
992 0.5836644
993 0.5840409
994 0.5844215
995 0.5848026
996 0.5851845
997 0.5855647
998 0.5859413
999 0.586319
1000 0.5866984
