1 0.1071117
2 0.1027647
3 0.09926256
4 0.09628825
5 0.09369712
6 0.091415
7 0.08945476
8 0.08786864
9 0.08672129
10 0.08602911
11 0.08567309
12 0.0856091
13 0.08575435
14 0.08622174
15 0.08677561
16 0.08733562
17 0.0879239
18 0.08826534
19 0.08884507
20 0.08908018
21 0.08946916
22 0.08957385
23 0.08959004
24 0.08967627
25 0.08967108
26 0.08967064
27 0.08956913
28 0.08949262
29 0.08940748
30 0.08943023
31 0.08942741
32 0.089453
33 0.0894757
34 0.08953037
35 0.08956347
36 0.0895512
37 0.08956604
38 0.08957941
39 0.08958938
40 0.08959678
41 0.08959609
42 0.08959274
43 0.0895794
44 0.08955658
45 0.0895383
46 0.08952648
47 0.08952449
48 0.08953054
49 0.08954251
50 0.08955523
51 0.08957092
52 0.08958808
53 0.08960082
54 0.08960681
55 0.0896056
56 0.08959808
57 0.089586
58 0.08957035
59 0.08955309
60 0.08954107
61 0.08953524
62 0.08953248
63 0.08953299
64 0.08953646
65 0.08954305
66 0.08955135
67 0.08955987
68 0.08956599
69 0.08956975
70 0.08957058
71 0.08956946
72 0.0895666
73 0.08956212
74 0.08955647
75 0.08955046
76 0.08954199
77 0.08953249
78 0.08952354
79 0.08951616
80 0.08951147
81 0.08950711
82 0.08950429
83 0.08950306
84 0.08950228
85 0.08950208
86 0.08950197
87 0.08950111
88 0.08949903
89 0.08949624
90 0.08949308
91 0.08948909
92 0.08948507
93 0.08948161
94 0.0894796
95 0.08947859
96 0.08947932
97 0.08948214
98 0.08948521
99 0.08948915
100 0.08949357
101 0.08949815
102 0.08950204
103 0.08950188
104 0.08950324
105 0.08950651
106 0.08951176
107 0.08951665
108 0.08952069
109 0.08952446
110 0.08952888
111 0.08953204
112 0.08953385
113 0.08953428
114 0.08953317
115 0.08953241
116 0.08953044
117 0.08952844
118 0.0895258
119 0.08952573
120 0.08952519
121 0.08952245
122 0.08951829
123 0.0895137
124 0.08950943
125 0.0895052
126 0.08950236
127 0.08950132
128 0.08950222
129 0.08950207
130 0.08950158
131 0.08949913
132 0.08949694
133 0.0894948
134 0.08949325
135 0.08949327
136 0.08949355
137 0.08949401
138 0.08949023
139 0.08948739
140 0.0894867
141 0.08948695
142 0.08948725
143 0.0894851
144 0.08948091
145 0.08947685
146 0.08947066
147 0.08945904
148 0.08945313
149 0.08944941
150 0.0894466
151 0.08944447
152 0.0894431
153 0.08944348
154 0.08944533
155 0.08944929
156 0.08945766
157 0.08946598
158 0.08947259
159 0.08948035
160 0.08948979
161 0.08949771
162 0.089504
163 0.08950823
164 0.08951001
165 0.08951063
166 0.08950999
167 0.08950682
168 0.08950198
169 0.08949775
170 0.08949205
171 0.08948888
172 0.0894857
173 0.08947972
174 0.08947419
175 0.08946883
176 0.089464
177 0.08945937
178 0.08945686
179 0.08945659
180 0.08946055
181 0.08946776
182 0.08947796
183 0.08948757
184 0.0894943
185 0.08950029
186 0.08950345
187 0.08950417
188 0.08950196
189 0.08949727
190 0.08949234
191 0.08948889
192 0.08948591
193 0.08948266
194 0.08947971
195 0.08947701
196 0.08947403
197 0.08947103
198 0.08946816
199 0.08946602
200 0.08946278
201 0.08945679
202 0.08945042
203 0.08944501
204 0.08944263
205 0.08944111
206 0.0894383
207 0.08943374
208 0.08942709
209 0.08942159
210 0.08942571
211 0.08942772
212 0.08942787
213 0.08942867
214 0.08942981
215 0.08943033
216 0.08943297
217 0.08943784
218 0.08944074
219 0.08943854
220 0.08943344
221 0.08942896
222 0.08942629
223 0.08942541
224 0.08942334
225 0.0894209
226 0.08942039
227 0.08941804
228 0.08941595
229 0.08941381
230 0.08941185
231 0.08941099
232 0.08941122
233 0.0894114
234 0.08940544
235 0.08939899
236 0.08939546
237 0.08939523
238 0.08939559
239 0.08939453
240 0.08939287
241 0.08939325
242 0.08939847
243 0.08940388
244 0.08940969
245 0.08941657
246 0.08942492
247 0.08943062
248 0.089437
249 0.08944144
250 0.08944448
251 0.08945159
252 0.08945797
253 0.08946458
254 0.08947483
255 0.08948451
256 0.08949454
257 0.0895042
258 0.08950941
259 0.0895146
260 0.0895208
261 0.08953213
262 0.08954432
263 0.0895578
264 0.08956815
265 0.08957499
266 0.08957287
267 0.08956906
268 0.08956316
269 0.08955468
270 0.08954937
271 0.08954716
272 0.08954642
273 0.08954532
274 0.08954427
275 0.08954382
276 0.08954398
277 0.08954502
278 0.08954847
279 0.08955182
280 0.08955744
281 0.08956391
282 0.0895737
283 0.08958417
284 0.08959443
285 0.08960612
286 0.08961727
287 0.08962995
288 0.08964469
289 0.08965945
290 0.0896742
291 0.08969176
292 0.08971203
293 0.0897307
294 0.08974814
295 0.08976527
296 0.08978197
297 0.08979225
298 0.08979604
299 0.08980188
300 0.08980741
301 0.0898132
302 0.08981824
303 0.08982769
304 0.08983909
305 0.08984805
306 0.08985586
307 0.08986366
308 0.08986991
309 0.08987478
310 0.08987824
311 0.08988229
312 0.08988858
313 0.08990084
314 0.08991329
315 0.08992582
316 0.08993867
317 0.08995159
318 0.08996562
319 0.08998111
320 0.08999667
321 0.09001429
322 0.09003327
323 0.09005166
324 0.09007423
325 0.0900975
326 0.09012032
327 0.09014316
328 0.09016699
329 0.09019118
330 0.090209
331 0.09023144
332 0.09025433
333 0.09027712
334 0.09029873
335 0.09031909
336 0.09033929
337 0.09035768
338 0.09037548
339 0.09039402
340 0.09041432
341 0.09043004
342 0.09044714
343 0.09045952
344 0.09046713
345 0.09047434
346 0.09047898
347 0.09048055
348 0.09048592
349 0.09049255
350 0.0904983
351 0.09050678
352 0.0905161
353 0.09052879
354 0.0905422
355 0.09055606
356 0.09056751
357 0.09057782
358 0.09058776
359 0.09059758
360 0.09060834
361 0.09062207
362 0.09063599
363 0.090652
364 0.09066796
365 0.09068391
366 0.09070016
367 0.09071703
368 0.09073625
369 0.09075785
370 0.09078017
371 0.09079959
372 0.0908158
373 0.09083197
374 0.0908478
375 0.09086044
376 0.09087237
377 0.09088363
378 0.09089573
379 0.09091
380 0.09092325
381 0.09093638
382 0.09095085
383 0.09096546
384 0.09097558
385 0.09098617
386 0.09099722
387 0.09101053
388 0.09102436
389 0.09103819
390 0.09105041
391 0.09106056
392 0.09107011
393 0.09107816
394 0.09108509
395 0.09109022
396 0.09109437
397 0.09109833
398 0.0911028
399 0.09110674
400 0.09110925
401 0.09111118
402 0.09111287
403 0.09111457
404 0.09111337
405 0.09111233
406 0.09111409
407 0.09111587
408 0.09111785
409 0.09111939
410 0.09112038
411 0.09112467
412 0.09113337
413 0.09113935
414 0.09114197
415 0.09114408
416 0.09114958
417 0.09115457
418 0.09115993
419 0.09116525
420 0.09116997
421 0.09117321
422 0.09117321
423 0.09117431
424 0.09117768
425 0.09118523
426 0.09119356
427 0.09119902
428 0.09120189
429 0.09120268
430 0.09120237
431 0.09120367
432 0.09120566
433 0.09120837
434 0.09121129
435 0.09121409
436 0.09121606
437 0.09121791
438 0.09121911
439 0.09122322
440 0.09122778
441 0.09122751
442 0.09122626
443 0.09122637
444 0.09122656
445 0.09122685
446 0.09122862
447 0.09122924
448 0.0912287
449 0.09123135
450 0.09123629
451 0.09124083
452 0.09124464
453 0.09124764
454 0.09124889
455 0.0912479
456 0.09124686
457 0.0912469
458 0.09124649
459 0.09124579
460 0.09124573
461 0.0912435
462 0.09124019
463 0.09123589
464 0.0912306
465 0.09122492
466 0.0912189
467 0.09121254
468 0.09120546
469 0.09120227
470 0.09119963
471 0.09119618
472 0.09119139
473 0.091186
474 0.09118059
475 0.09117413
476 0.09116524
477 0.09115523
478 0.09114426
479 0.09113374
480 0.09112437
481 0.09111537
482 0.09110842
483 0.09110261
484 0.09109224
485 0.09108087
486 0.09106857
487 0.09105689
488 0.09104615
489 0.09103787
490 0.09103017
491 0.0910221
492 0.09101369
493 0.09100483
494 0.0909963
495 0.09098428
496 0.09097125
497 0.09095811
498 0.09094541
499 0.09093458
500 0.09092467
501 0.0909149
502 0.09090376
503 0.09089256
504 0.09088122
505 0.09087146
506 0.09086155
507 0.09085055
508 0.09083924
509 0.09082732
510 0.09081568
511 0.09080803
512 0.09080473
513 0.09080043
514 0.0907948
515 0.09078755
516 0.09077838
517 0.09076877
518 0.09075853
519 0.09074773
520 0.0907366
521 0.09072536
522 0.09071437
523 0.09070453
524 0.09069535
525 0.09068643
526 0.09067962
527 0.09067021
528 0.09065752
529 0.09064534
530 0.09063374
531 0.09062013
532 0.09060603
533 0.09059316
534 0.09058076
535 0.09056852
536 0.09055433
537 0.09054419
538 0.09053528
539 0.09052946
540 0.09052455
541 0.09051935
542 0.09051327
543 0.09050692
544 0.09050177
545 0.09049642
546 0.09048899
547 0.09047966
548 0.09046557
549 0.09045237
550 0.09044041
551 0.09042963
552 0.09041946
553 0.09040806
554 0.09039881
555 0.09039084
556 0.09038144
557 0.09037089
558 0.09036032
559 0.0903492
560 0.09033666
561 0.09032424
562 0.09031042
563 0.09029976
564 0.09029201
565 0.09028496
566 0.09027863
567 0.09026725
568 0.0902513
569 0.09023456
570 0.09021754
571 0.09020042
572 0.09018309
573 0.09016526
574 0.09014714
575 0.09012919
576 0.09011234
577 0.09009571
578 0.09007926
579 0.09006321
580 0.09004824
581 0.09003351
582 0.09001905
583 0.09001087
584 0.09000186
585 0.0899909
586 0.08998004
587 0.08996887
588 0.0899568
589 0.08994404
590 0.08993079
591 0.08991728
592 0.0899047
593 0.08989175
594 0.08987689
595 0.08986194
596 0.08984739
597 0.08983537
598 0.08982357
599 0.08981062
600 0.08979568
601 0.08977999
602 0.08976288
603 0.089745
604 0.08972712
605 0.08970838
606 0.08968964
607 0.08967094
608 0.0896522
609 0.08963368
610 0.08961476
611 0.08959302
612 0.08956976
613 0.08954743
614 0.0895251
615 0.08950278
616 0.08948052
617 0.08945855
618 0.08943699
619 0.08941571
620 0.08939455
621 0.08937354
622 0.08935187
623 0.08932967
624 0.08931014
625 0.08929019
626 0.08926707
627 0.08924692
628 0.08922735
629 0.08920775
630 0.08918688
631 0.08916805
632 0.0891481
633 0.08912695
634 0.08910222
635 0.08907708
636 0.08905444
637 0.08903375
638 0.08901416
639 0.08899885
640 0.08898599
641 0.08897769
642 0.08897215
643 0.0889669
644 0.08896273
645 0.08895786
646 0.08895106
647 0.08894298
648 0.08893439
649 0.08892636
650 0.08891761
651 0.08891199
652 0.08890884
653 0.08890571
654 0.08890155
655 0.08889673
656 0.08889075
657 0.08888288
658 0.08886936
659 0.08884747
660 0.08883174
661 0.0888068
662 0.08878034
663 0.08875485
664 0.08873911
665 0.08873358
666 0.08873153
667 0.08872974
668 0.08872489
669 0.08871607
670 0.08870615
671 0.08869695
672 0.0886858
673 0.08867086
674 0.08865252
675 0.08863217
676 0.08860724
677 0.08857749
678 0.08854742
679 0.08851656
680 0.0884848
681 0.08845197
682 0.08841912
683 0.08838774
684 0.08835652
685 0.08832527
686 0.0882907
687 0.08825549
688 0.08821977
689 0.08818237
690 0.08814631
691 0.08811217
692 0.08807981
693 0.08805637
694 0.08804901
695 0.08804211
696 0.0880365
697 0.0880298
698 0.08802133
699 0.08800776
700 0.08799164
701 0.08797511
702 0.08796058
703 0.08794985
704 0.0879429
705 0.08793609
706 0.08792805
707 0.08792117
708 0.08791687
709 0.08791319
710 0.08791076
711 0.08791034
712 0.08791201
713 0.08791476
714 0.08791863
715 0.08792358
716 0.08793063
717 0.0879391
718 0.08795164
719 0.08796421
720 0.08797729
721 0.08799106
722 0.08800319
723 0.08800964
724 0.08801551
725 0.08802225
726 0.08803379
727 0.08804546
728 0.08805612
729 0.08806562
730 0.08807383
731 0.08808125
732 0.08808796
733 0.08809417
734 0.08810057
735 0.08810289
736 0.08810001
737 0.08809857
738 0.08809838
739 0.08809587
740 0.08809341
741 0.0880922
742 0.08809266
743 0.08809451
744 0.08809756
745 0.08810243
746 0.08810418
747 0.08810683
748 0.08810791
749 0.08810609
750 0.08810205
751 0.08809642
752 0.08808986
753 0.0880828
754 0.08807513
755 0.08806676
756 0.08806003
757 0.08805318
758 0.08804907
759 0.08804686
760 0.08804409
761 0.08804095
762 0.0880389
763 0.08803581
764 0.08803049
765 0.08802247
766 0.08801285
767 0.08800356
768 0.08798273
769 0.08795627
770 0.08793138
771 0.08791007
772 0.0878965
773 0.08788579
774 0.08787671
775 0.08786567
776 0.08785634
777 0.0878473
778 0.08783758
779 0.08782751
780 0.08781922
781 0.08781534
782 0.08781724
783 0.08782184
784 0.08782699
785 0.08783077
786 0.0878307
787 0.08782972
788 0.08782779
789 0.08782493
790 0.08782116
791 0.08781532
792 0.08781391
793 0.0878117
794 0.08780523
795 0.08779625
796 0.08778796
797 0.08778126
798 0.08777743
799 0.08777703
800 0.08777948
801 0.08777945
802 0.08777609
803 0.08777417
804 0.08777347
805 0.08779348
806 0.08781303
807 0.08783038
808 0.08784164
809 0.08785041
810 0.08785785
811 0.08786757
812 0.0878825
813 0.08789369
814 0.08790518
815 0.0879146
816 0.08792204
817 0.08792669
818 0.08793087
819 0.08793581
820 0.08794239
821 0.08794642
822 0.08795152
823 0.08795888
824 0.08796872
825 0.08798183
826 0.08799651
827 0.08801167
828 0.08802649
829 0.08804083
830 0.08805478
831 0.08806424
832 0.08806954
833 0.08807287
834 0.088075
835 0.0880773
836 0.08808006
837 0.08808371
838 0.08808756
839 0.08809089
840 0.08809359
841 0.08809596
842 0.08809952
843 0.08810367
844 0.08811276
845 0.08812376
846 0.08813325
847 0.08814161
848 0.0881505
849 0.08815998
850 0.08816517
851 0.08816277
852 0.08815636
853 0.08814982
854 0.08814654
855 0.08814443
856 0.08814161
857 0.08813277
858 0.08812373
859 0.08811668
860 0.08811244
861 0.08811419
862 0.08811586
863 0.08811489
864 0.08811175
865 0.08810803
866 0.0881043
867 0.08810182
868 0.08809974
869 0.08809756
870 0.08810021
871 0.08810053
872 0.08810066
873 0.08810706
874 0.08810877
875 0.08810715
876 0.08810342
877 0.08809836
878 0.08809129
879 0.08808529
880 0.08807828
881 0.08807174
882 0.08806679
883 0.08806286
884 0.08804496
885 0.08802897
886 0.08801421
887 0.08800365
888 0.08799817
889 0.08799959
890 0.08800592
891 0.08801327
892 0.08802202
893 0.08803234
894 0.08804367
895 0.08806345
896 0.08808319
897 0.0880999
898 0.08811378
899 0.08812369
900 0.08813432
901 0.08813906
902 0.08814666
903 0.0881561
904 0.08816811
905 0.08818562
906 0.08820389
907 0.08822254
908 0.08824098
909 0.08825468
910 0.08826346
911 0.08827336
912 0.08828513
913 0.08829849
914 0.08831508
915 0.08833081
916 0.08834729
917 0.08836395
918 0.08838057
919 0.08839545
920 0.08840601
921 0.08841562
922 0.08842358
923 0.08842941
924 0.08843467
925 0.08844075
926 0.08845121
927 0.08847177
928 0.08848169
929 0.08848573
930 0.08848614
931 0.0884828
932 0.08847784
933 0.08847088
934 0.08846254
935 0.08845448
936 0.08844627
937 0.08844206
938 0.08844437
939 0.08844569
940 0.0884462
941 0.08844581
942 0.08844346
943 0.08844011
944 0.0884368
945 0.08843348
946 0.08843016
947 0.08842678
948 0.08842227
949 0.0884166
950 0.08840771
951 0.08839779
952 0.08838893
953 0.08838133
954 0.08837488
955 0.08836742
956 0.08836158
957 0.08835713
958 0.0883539
959 0.08835071
960 0.08834551
961 0.0883385
962 0.0883325
963 0.08832841
964 0.08832561
965 0.08832373
966 0.0883235
967 0.08832525
968 0.08832756
969 0.08832878
970 0.08833041
971 0.08833022
972 0.08832764
973 0.08832836
974 0.08833192
975 0.08833622
976 0.08834119
977 0.08834594
978 0.08834209
979 0.08833675
980 0.08832681
981 0.08831947
982 0.08831023
983 0.08830392
984 0.08829924
985 0.08829548
986 0.08829461
987 0.08829521
988 0.08829284
989 0.08829329
990 0.08829191
991 0.0882875
992 0.08828502
993 0.08828171
994 0.0882776
995 0.08827292
996 0.08827052
997 0.08826739
998 0.08826154
999 0.08825318
1000 0.08824661
