1 0.3444409
2 0.3465907
3 0.3451546
4 0.3403668
5 0.3333182
6 0.3252397
7 0.3173224
8 0.3104708
9 0.3053644
10 0.302072
11 0.3003725
12 0.3000197
13 0.3009055
14 0.3026062
15 0.3047589
16 0.3069836
17 0.3090703
18 0.3109001
19 0.312497
20 0.3135889
21 0.3142045
22 0.3144009
23 0.3142845
24 0.3139893
25 0.3136374
26 0.3133092
27 0.3130511
28 0.3128862
29 0.3128137
30 0.3128162
31 0.3128699
32 0.3129513
33 0.3130369
34 0.3131106
35 0.3131665
36 0.3132032
37 0.3132216
38 0.3132267
39 0.3132233
40 0.3132156
41 0.313208
42 0.3132021
43 0.3131989
44 0.3131967
45 0.3131957
46 0.3131948
47 0.3131894
48 0.3131841
49 0.3131781
50 0.3131697
51 0.3131626
52 0.3131558
53 0.3131495
54 0.3131418
55 0.3131326
56 0.3131232
57 0.3131137
58 0.3131048
59 0.3130967
60 0.313087
61 0.313077
62 0.3130682
63 0.3130644
64 0.3130645
65 0.3130666
66 0.3130709
67 0.3130784
68 0.3130836
69 0.3130834
70 0.3130816
71 0.3130785
72 0.3130756
73 0.3130689
74 0.313059
75 0.313056
76 0.313056
77 0.3130535
78 0.3130512
79 0.3130507
80 0.3130502
81 0.3130502
82 0.3130497
83 0.3130487
84 0.3130506
85 0.3130634
86 0.3130658
87 0.313065
88 0.3130624
89 0.3130584
90 0.3130528
91 0.3130478
92 0.3130455
93 0.3130446
94 0.3130411
95 0.3130439
96 0.3130465
97 0.3130479
98 0.3130493
99 0.3130423
100 0.3130295
101 0.3130239
102 0.3130154
103 0.3130108
104 0.3130094
105 0.3130082
106 0.3130117
107 0.3130177
108 0.313016
109 0.3130088
110 0.312996
111 0.3129734
112 0.3129468
113 0.3129184
114 0.3128913
115 0.3128627
116 0.312835
117 0.3128095
118 0.312788
119 0.3127664
120 0.312754
121 0.3127454
122 0.3127452
123 0.312752
124 0.3127619
125 0.3127665
126 0.3127626
127 0.312753
128 0.3127399
129 0.3127279
130 0.3127201
131 0.3127154
132 0.3127178
133 0.3127204
134 0.3127216
135 0.3127192
136 0.3127154
137 0.3127165
138 0.3127269
139 0.3127305
140 0.3127274
141 0.3127214
142 0.3127189
143 0.312709
144 0.3127003
145 0.3127009
146 0.3127054
147 0.3126985
148 0.3126934
149 0.3126936
150 0.3126942
151 0.3126905
152 0.3126738
153 0.3126461
154 0.3126239
155 0.3126049
156 0.3126057
157 0.3126027
158 0.3125879
159 0.312576
160 0.3125448
161 0.3125261
162 0.3125053
163 0.312492
164 0.3124851
165 0.3124907
166 0.3124937
167 0.3124914
168 0.3124851
169 0.3124776
170 0.3124634
171 0.3124487
172 0.3124323
173 0.3124058
174 0.3123887
175 0.3123775
176 0.3123597
177 0.3123376
178 0.3122956
179 0.3122517
180 0.3122236
181 0.3122188
182 0.3122103
183 0.3121886
184 0.3121751
185 0.312166
186 0.3121563
187 0.3121426
188 0.3121181
189 0.3120854
190 0.3120594
191 0.3120399
192 0.3120309
193 0.3120125
194 0.3119907
195 0.3119929
196 0.3119897
197 0.3119779
198 0.3119641
199 0.3119379
200 0.3119032
201 0.311868
202 0.3118327
203 0.3117921
204 0.3117597
205 0.3117318
206 0.3116828
207 0.3116254
208 0.31157
209 0.3115183
210 0.3114758
211 0.3114417
212 0.3114228
213 0.3114281
214 0.3114378
215 0.3114318
216 0.3114256
217 0.3114108
218 0.3113785
219 0.3113402
220 0.3112877
221 0.3112389
222 0.3111964
223 0.3111547
224 0.311109
225 0.3110709
226 0.3110359
227 0.3110035
228 0.3109693
229 0.3109329
230 0.3108863
231 0.3108364
232 0.3107863
233 0.310742
234 0.3106962
235 0.3106405
236 0.3105884
237 0.3105318
238 0.310464
239 0.3104089
240 0.310358
241 0.3103136
242 0.3102728
243 0.3102365
244 0.310203
245 0.3101772
246 0.3101519
247 0.310124
248 0.3100972
249 0.3100732
250 0.3100529
251 0.3100249
252 0.3099912
253 0.3099515
254 0.3099108
255 0.3098911
256 0.3098641
257 0.3098339
258 0.3098071
259 0.3097875
260 0.3097665
261 0.3097444
262 0.3097278
263 0.3097068
264 0.3096825
265 0.30966
266 0.3096389
267 0.3096222
268 0.309613
269 0.3096205
270 0.3096226
271 0.3096172
272 0.3096026
273 0.3095781
274 0.3095549
275 0.3095366
276 0.3095226
277 0.309512
278 0.3095145
279 0.3095134
280 0.3095164
281 0.3095342
282 0.3095447
283 0.3095598
284 0.3095664
285 0.3095651
286 0.3095671
287 0.3095754
288 0.3095928
289 0.3096142
290 0.3096309
291 0.3096483
292 0.3096691
293 0.3096926
294 0.3097218
295 0.3097535
296 0.3097829
297 0.3098121
298 0.3098396
299 0.3098807
300 0.3099279
301 0.3099763
302 0.3100224
303 0.3100692
304 0.3101228
305 0.3101735
306 0.3102317
307 0.3102783
308 0.3103248
309 0.3103757
310 0.3104334
311 0.3105
312 0.3105792
313 0.3106661
314 0.3107479
315 0.3108266
316 0.3109085
317 0.3109989
318 0.3110881
319 0.3111702
320 0.3112489
321 0.3113271
322 0.3114034
323 0.311486
324 0.3115738
325 0.3116665
326 0.3117667
327 0.3118861
328 0.3120149
329 0.3121534
330 0.3122955
331 0.3124405
332 0.3125836
333 0.3127114
334 0.3128348
335 0.3129636
336 0.3130972
337 0.3132389
338 0.3133825
339 0.3135264
340 0.3136704
341 0.3138222
342 0.3139829
343 0.3141457
344 0.3143195
345 0.314499
346 0.3146673
347 0.3148394
348 0.3150182
349 0.3151931
350 0.3153612
351 0.3155346
352 0.3157056
353 0.3158853
354 0.3160734
355 0.3162677
356 0.316462
357 0.3166656
358 0.3168698
359 0.3170724
360 0.3172751
361 0.3174831
362 0.3176954
363 0.3179099
364 0.318129
365 0.3183519
366 0.3185858
367 0.318823
368 0.319064
369 0.3193065
370 0.3195563
371 0.3198104
372 0.320064
373 0.3203156
374 0.3205661
375 0.320816
376 0.3210646
377 0.3213123
378 0.3215617
379 0.3218113
380 0.3220838
381 0.3223493
382 0.3226109
383 0.3228714
384 0.323131
385 0.3233911
386 0.3236481
387 0.3239079
388 0.324169
389 0.3244295
390 0.3246906
391 0.3249541
392 0.3252212
393 0.3254928
394 0.3257683
395 0.3260468
396 0.3263284
397 0.3266079
398 0.3268884
399 0.3271708
400 0.327456
401 0.3277493
402 0.3280436
403 0.328339
404 0.3286355
405 0.3289377
406 0.329239
407 0.32954
408 0.3298384
409 0.3301356
410 0.330433
411 0.3307309
412 0.3310312
413 0.3313339
414 0.3316386
415 0.3319446
416 0.3322538
417 0.3325639
418 0.3328739
419 0.3331824
420 0.3334913
421 0.3338004
422 0.334109
423 0.3344191
424 0.3347292
425 0.3350395
426 0.3353498
427 0.3356611
428 0.3359736
429 0.3362874
430 0.3366023
431 0.3369181
432 0.3372358
433 0.3375573
434 0.3378805
435 0.3382041
436 0.3385279
437 0.3388515
438 0.3391778
439 0.3395063
440 0.3398269
441 0.3401438
442 0.3404593
443 0.3407741
444 0.3410902
445 0.3414063
446 0.3417223
447 0.3420385
448 0.342355
449 0.3426724
450 0.3429885
451 0.3433022
452 0.3436197
453 0.3439385
454 0.3442573
455 0.3445804
456 0.3449048
457 0.3452297
458 0.3455551
459 0.3458811
460 0.3462071
461 0.3465334
462 0.3468591
463 0.3471842
464 0.3475083
465 0.347833
466 0.3481604
467 0.3484836
468 0.3488041
469 0.3491249
470 0.3494456
471 0.3497664
472 0.3500876
473 0.3504094
474 0.3507321
475 0.3510552
476 0.3513791
477 0.3517029
478 0.3520254
479 0.3523458
480 0.3526646
481 0.3529816
482 0.3532966
483 0.353609
484 0.3539199
485 0.3542305
486 0.354541
487 0.3548515
488 0.3551619
489 0.3554721
490 0.3557866
491 0.3561039
492 0.3564251
493 0.3567474
494 0.3570674
495 0.3573846
496 0.3576991
497 0.3580125
498 0.3583277
499 0.3586441
500 0.3589629
501 0.3592849
502 0.3595999
503 0.35991
504 0.36022
505 0.3605309
506 0.3608435
507 0.3611588
508 0.3614736
509 0.3617884
510 0.3621038
511 0.3624202
512 0.3627411
513 0.3630617
514 0.3633779
515 0.3636928
516 0.3640091
517 0.3643227
518 0.3646374
519 0.3649527
520 0.3652689
521 0.3655868
522 0.3659057
523 0.3662257
524 0.3665457
525 0.3668656
526 0.367185
527 0.367506
528 0.3678286
529 0.3681569
530 0.3684863
531 0.3688169
532 0.3691488
533 0.3694799
534 0.3698105
535 0.370143
536 0.370474
537 0.370802
538 0.3711264
539 0.3714483
540 0.3717676
541 0.3720843
542 0.3723989
543 0.372712
544 0.3730241
545 0.3733363
546 0.3736472
547 0.3739588
548 0.3742717
549 0.3745853
550 0.374901
551 0.3752192
552 0.3755402
553 0.3758627
554 0.3761848
555 0.3765039
556 0.3768207
557 0.3771366
558 0.3774514
559 0.3777638
560 0.3780738
561 0.3783832
562 0.3786919
563 0.3790005
564 0.3793084
565 0.3796163
566 0.3799239
567 0.3802293
568 0.3805318
569 0.3808343
570 0.3811358
571 0.3814363
572 0.3817358
573 0.3820345
574 0.3823314
575 0.3826244
576 0.3829165
577 0.3832084
578 0.3834966
579 0.3837841
580 0.3840706
581 0.3843555
582 0.3846388
583 0.3849209
584 0.3852017
585 0.3854815
586 0.3857591
587 0.386034
588 0.3863069
589 0.3865786
590 0.3868485
591 0.3871171
592 0.3873837
593 0.3876483
594 0.3879097
595 0.3881684
596 0.388424
597 0.3886764
598 0.3889259
599 0.3891715
600 0.3894155
601 0.3896589
602 0.3899009
603 0.3901412
604 0.3903787
605 0.390614
606 0.3908468
607 0.3910767
608 0.3913042
609 0.3915293
610 0.3917519
611 0.391972
612 0.3921887
613 0.3924037
614 0.3926174
615 0.3928291
616 0.3930412
617 0.3932527
618 0.3934613
619 0.3936662
620 0.3938677
621 0.3940678
622 0.3942642
623 0.3944553
624 0.3946417
625 0.3948256
626 0.3950073
627 0.3951876
628 0.3953656
629 0.3955407
630 0.3957111
631 0.3958765
632 0.3960388
633 0.396198
634 0.3963551
635 0.396512
636 0.3966671
637 0.3968196
638 0.3969683
639 0.3971099
640 0.3972493
641 0.3973901
642 0.39753
643 0.3976654
644 0.3977962
645 0.3979239
646 0.3980488
647 0.3981725
648 0.3982972
649 0.398421
650 0.3985415
651 0.3986611
652 0.3987795
653 0.3988971
654 0.3990111
655 0.3991218
656 0.3992319
657 0.399341
658 0.3994479
659 0.3995526
660 0.399657
661 0.3997602
662 0.3998622
663 0.3999616
664 0.4000583
665 0.4001535
666 0.4002481
667 0.4003412
668 0.4004322
669 0.4005226
670 0.4006116
671 0.4006997
672 0.4007862
673 0.4008709
674 0.4009543
675 0.4010369
676 0.4011183
677 0.4011983
678 0.4012778
679 0.4013574
680 0.4014359
681 0.4015137
682 0.40159
683 0.4016658
684 0.40174
685 0.4018109
686 0.4018804
687 0.4019495
688 0.4020223
689 0.4020934
690 0.4021637
691 0.4022322
692 0.4022996
693 0.402367
694 0.402434
695 0.4025021
696 0.4025705
697 0.4026399
698 0.4027102
699 0.4027801
700 0.4028503
701 0.4029208
702 0.4029908
703 0.4030648
704 0.4031354
705 0.4032033
706 0.4032724
707 0.40334
708 0.4034084
709 0.4034763
710 0.4035442
711 0.403613
712 0.4036825
713 0.4037537
714 0.4038252
715 0.4038973
716 0.4039672
717 0.4040381
718 0.4041093
719 0.4041797
720 0.4042483
721 0.4043172
722 0.4043877
723 0.4044597
724 0.4045314
725 0.4046027
726 0.4046738
727 0.4047448
728 0.4048143
729 0.4048818
730 0.4049481
731 0.4050142
732 0.4050804
733 0.4051468
734 0.405213
735 0.4052787
736 0.4053441
737 0.4054095
738 0.4054743
739 0.4055384
740 0.4056028
741 0.4056666
742 0.4057297
743 0.4057922
744 0.4058518
745 0.4059106
746 0.4059673
747 0.4060213
748 0.4060701
749 0.4061199
750 0.4061715
751 0.4062254
752 0.4062814
753 0.4063416
754 0.4064035
755 0.4064659
756 0.4065291
757 0.4065928
758 0.4066548
759 0.4067149
760 0.4067732
761 0.4068307
762 0.4068875
763 0.4069435
764 0.4069996
765 0.4070579
766 0.407117
767 0.4071745
768 0.40723
769 0.4072866
770 0.4073422
771 0.4073943
772 0.4074438
773 0.4074915
774 0.4075375
775 0.4075816
776 0.4076251
777 0.4076685
778 0.4077113
779 0.4077534
780 0.4077944
781 0.4078339
782 0.4078703
783 0.4079056
784 0.4079405
785 0.4079742
786 0.408008
787 0.4080418
788 0.4080747
789 0.4081104
790 0.408152
791 0.4081918
792 0.4082276
793 0.4082609
794 0.4082933
795 0.408324
796 0.4083528
797 0.4083818
798 0.408405
799 0.4084254
800 0.4084456
801 0.408464
802 0.4084805
803 0.4084956
804 0.4085094
805 0.4085222
806 0.4085347
807 0.408546
808 0.4085565
809 0.4085663
810 0.408575
811 0.4085842
812 0.4085925
813 0.4086052
814 0.4086156
815 0.4086255
816 0.4086365
817 0.4086485
818 0.4086596
819 0.4086714
820 0.4086818
821 0.408691
822 0.4086979
823 0.4087032
824 0.4087094
825 0.4087172
826 0.4087271
827 0.408739
828 0.4087534
829 0.4087695
830 0.4087868
831 0.4088044
832 0.4088205
833 0.4088356
834 0.4088501
835 0.4088658
836 0.4088835
837 0.4089026
838 0.4089232
839 0.4089452
840 0.4089688
841 0.4089935
842 0.4090171
843 0.4090397
844 0.4090617
845 0.4090841
846 0.4091085
847 0.4091345
848 0.4091638
849 0.4091952
850 0.4092284
851 0.4092638
852 0.4093014
853 0.4093428
854 0.4093882
855 0.4094364
856 0.4094894
857 0.4095475
858 0.4096108
859 0.4096789
860 0.4097525
861 0.4098313
862 0.4099172
863 0.410007
864 0.4101021
865 0.4102009
866 0.4103046
867 0.4104093
868 0.4105152
869 0.4106235
870 0.4107358
871 0.4108532
872 0.4109764
873 0.4111065
874 0.4112429
875 0.4113846
876 0.4115315
877 0.4116826
878 0.4118362
879 0.4119945
880 0.4121566
881 0.4123229
882 0.4124908
883 0.4126593
884 0.4128296
885 0.4130042
886 0.4131848
887 0.4133713
888 0.4135608
889 0.4137517
890 0.4139421
891 0.4141329
892 0.4143231
893 0.4145128
894 0.4147037
895 0.4148962
896 0.4150899
897 0.4152859
898 0.4154841
899 0.4156859
900 0.4158908
901 0.4160922
902 0.4162888
903 0.4164894
904 0.4166947
905 0.4169025
906 0.4171115
907 0.4173225
908 0.4175363
909 0.41775
910 0.4179634
911 0.4181755
912 0.4183871
913 0.4185994
914 0.418811
915 0.4190214
916 0.4192306
917 0.4194379
918 0.4196396
919 0.419841
920 0.4200424
921 0.4202433
922 0.4204469
923 0.4206528
924 0.4208594
925 0.4210663
926 0.4212725
927 0.4214777
928 0.4216821
929 0.4218859
930 0.4220894
931 0.4222922
932 0.4224913
933 0.4226881
934 0.4228836
935 0.4230798
936 0.4232756
937 0.4234709
938 0.4236645
939 0.4238559
940 0.4240455
941 0.4242336
942 0.4244212
943 0.4246071
944 0.4247918
945 0.4249756
946 0.4251574
947 0.4253337
948 0.4255059
949 0.4256763
950 0.4258443
951 0.4260093
952 0.4261708
953 0.4263289
954 0.4264827
955 0.4266319
956 0.4267773
957 0.426918
958 0.4270565
959 0.4271937
960 0.4273297
961 0.4274641
962 0.4275978
963 0.4277308
964 0.4278633
965 0.4279945
966 0.4281174
967 0.4282383
968 0.4283588
969 0.4284775
970 0.4285941
971 0.4287088
972 0.428821
973 0.4289311
974 0.4290391
975 0.4291465
976 0.4292533
977 0.4293597
978 0.4294642
979 0.4295672
980 0.4296689
981 0.4297703
982 0.4298713
983 0.4299716
984 0.4300716
985 0.4301707
986 0.4302717
987 0.4303741
988 0.4304774
989 0.4305787
990 0.430677
991 0.4307751
992 0.4308736
993 0.4309743
994 0.4310774
995 0.431181
996 0.4312855
997 0.4313907
998 0.4314944
999 0.4315977
1000 0.4317045
